-9970  -9960  -9960  -9950  -9950  -9960  -9960  -9970
-9970  -9960  -9960  -9950  -9950  -9960  -9960  -9970
-9970  -9960  -9960  -9950  -9950  -9960  -9960  -9970
-9970  -9960  -9960  -9950  -9950  -9960  -9960  -9970
-9980  -9970  -9970  -9960  -9960  -9970  -9970  -9980
-9990  -9980  -9980  -9980  -9980  -9980  -9980  -9990
-16020 -16020 -16000 -16000 -16000 -16000 -16020 -16020
-16020 -16030 -16010 -16000 -16000 -16010 -16030 -16020

-780   -790   -790   -795   -795   -790   -790   -780
-790   -800   -800   -800   -800   -800   -800   -790
-790   -800   -805   -805   -805   -805   -800   -790
-795   -805   -805   -805   -805   -805   -790   -795
-800   -800   -805   -805   -805   -805   -800   -795
-790   -800   -805   -805   -805   -805   -800   -790
-790   -800   -805   -800   -800   -805   -800   -790
-780   -790   -790   -795   -795   -790   -790   -780

-500   -500   -500   -500   -500   -500   -500   -500
-505   -510   -510   -510   -510   -510   -510   -505
-495   -500   -500   -500   -500   -500   -500   -495
-495   -500   -500   -500   -500   -500   -500   -495
-495   -500   -500   -500   -500   -500   -500   -495
-495   -500   -500   -500   -500   -500   -500   -495
-495   -500   -500   -500   -500   -500   -500   -495
-500   -500   -500   -505   -505   -500   -500   -500

-280   -290   -290   -290   -290   -290   -290   -280
-290   -300   -300   -300   -300   -300   -300   -290
-290   -300   -305   -310   -310   -305   -300   -290
-290   -305   -305   -310   -310   -305   -305   -290
-290   -300   -310   -310   -310   -310   -300   -290
-290   -310   -310   -310   -310   -310   -310   -290
-290   -305   -300   -300   -300   -300   -305   -290
-280   -290   -290   -290   -290   -290   -290   -280

-250   -260   -270   -270   -270   -270   -260   -250
-260   -280   -300   -300   -300   -300   -280   -260
-270   -300   -310   -315   -315   -310   -300   -270
-270   -305   -315   -320   -320   -315   -305   -270
-270   -305   -315   -320   -320   -315   -305   -270
-270   -300   -310   -315   -315   -310   -300   -270
-260   -280   -300   -300   -300   -300   -280   -260
-250   -260   -270   -270   -270   -270   -260   -250

-160   -160   -160   -160   -160   -160   -160   -160
-150   -150   -150   -150   -150   -150   -150   -150
-110   -110   -120   -130   -130   -120   -110   -110
-105   -105   -110   -125   -125   -110   -105   -105
-100   -100   -100   -120   -120   -100   -100   -100
-105   -95    -90    -100   -100   -90    -95    -105
-105   -110   -110   -80    -80    -110   -110   -105
-100   -100   -100   -100   -100   -100   -100   -100

0      0      0      0      0      0      0      0
0      0      0      0      0      0      0      0
0      0      0      0      0      0      0      0
0      0      0      0      0      0      0      0
0      0      0      0      0      0      0      0
0      0      0      0      0      0      0      0
0      0      0      0      0      0      0      0
0      0      0      0      0      0      0      0

100    100    100    100    100    100    100    100
105    110    110    80     80     110    110    105
105    95     90     100    100    90     95     105
100    100    100    120    120    100    100    100
105    105    110    125    125    110    105    105
110    110    120    130    130    120    110    110
150    150    150    150    150    150    150    150
160    160    160    160    160    160    160    160

250    260    270    270    270    270    260    250
260    280    300    300    300    300    280    260
270    300    310    315    315    310    300    270
270    305    315    320    320    315    305    270
270    305    315    320    320    315    305    270
270    300    310    315    315    310    300    270
260    280    300    300    300    300    280    260
250    260    270    270    270    270    260    250

280    290    290    290    290    290    290    280
290    305    300    300    300    300    305    290
290    310    310    310    310    310    310    290
290    300    310    310    310    310    300    290
290    305    305    310    310    305    305    290
290    300    305    310    310    305    300    290
290    300    300    300    300    300    300    290
280    290    290    290    290    290    290    280

500    500    500    505    505    500    500    500
495    500    500    500    500    500    500    495
495    500    500    500    500    500    500    495
495    500    500    500    500    500    500    495
495    500    500    500    500    500    500    495
495    500    500    500    500    500    500    495
505    510    510    510    510    510    510    505
500    500    500    500    500    500    500    500

780    790    790    795    795    790    790    780
790    800    805    800    800    805    800    790
790    800    805    805    805    805    800    790
800    800    805    805    805    805    800    795
795    805    805    805    805    805    790    795
790    800    805    805    805    805    800    790
790    800    800    800    800    800    800    790
780    790    790    795    795    790    790    780

16020  16030  16010  16000  16000  16010  16030  16020
16020  16020  16000  16000  16000  16000  16020  16020
9990   9980   9980   9980   9980   9980   9980   9990
9980   9970   9970   9960   9960   9970   9970   9980
9970   9960   9960   9950   9950   9960   9960   9970
9970   9960   9960   9950   9950   9960   9960   9970
9970   9960   9960   9950   9950   9960   9960   9970
9970   9960   9960   9950   9950   9960   9960   9970