9970  9960  9960  9950  9950  9960  9960  9970
9970  9960  9960  9950  9950  9960  9960  9970
9970  9960  9960  9950  9950  9960  9960  9970
9970  9960  9960  9950  9950  9960  9960  9970
9980  9970  9970  9960  9960  9970  9970  9980
9990  9980  9980  9980  9980  9980  9980  9990
10020 10020 10000 10000 10000 10000 10020 10020
10020 10030 10010 10000 10000 10010 10030 10020

780   790   790   795   795   790   790   780
790   800   800   800   800   800   800   790
790   800   805   805   805   805   800   790
795   805   805   805   805   805   790   795
800   800   805   805   805   805   800   795
790   800   805   805   805   805   800   790
790   800   805   800   800   805   800   790
780   790   790   795   795   790   790   780

500   500   500   500   500   500   500   500
505   510   510   510   510   510   510   505
495   500   500   500   500   500   500   495
495   500   500   500   500   500   500   495
495   500   500   500   500   500   500   495
495   500   500   500   500   500   500   495
495   500   500   500   500   500   500   495
500   500   500   505   505   500   500   500

280   290   290   290   290   290   290   280
290   300   300   300   300   300   300   290
290   300   305   310   310   305   300   290
290   305   300   310   310   305   300   290
290   300   310   310   310   310   300   290
290   310   310   310   310   310   310   290
290   305   300   300   300   300   305   290
280   290   290   290   290   290   290   280

250   260   270   270   270   270   260   250
260   280   300   300   300   300   280   260
270   300   310   315   315   310   300   270
270   305   315   320   320   315   305   270
270   305   315   320   320   315   305   270
270   300   305   315   315   305   300   270
260   280   300   300   300   300   280   260
250   260   270   270   270   270   260   250

800   800   800   800   800   800   800   800
180   180   180   180   180   180   180   180
120   110   120   130   130   120   110   120
110   105   110   128   129   110   105   110
105   100   100   126   128   100   100   105
100   95    90    100   100   90    95    100
105   110   110   80    80    110   110   105
100   100   100   100   100   100   100   100

^^^ Format:
1st block is King, 2nd is Queen, 3rd is Rook, 4th is Bishop, 5th is Knight, 6th is pawn.
For each block, the piece values for white are given, with white starting out on the bottom.
Because of this, moving a piece will make the computer think it's worth a different amount.
